Fday	ID	Rday	Wdays	MDUR	Tdays
8	3	1	0	5	7
8	2	1	0	5	7
9	6	2	0	5	7
9	5	2	0	5	7
10	9	3	0	5	7
10	8	3	0	5	7
18	14	5	6	5	7
18	11	4	7	5	7
19	20	7	5	5	7
19	17	6	6	5	7
20	26	9	4	5	7
20	23	8	5	5	7
28	35	12	9	5	7
28	32	11	10	5	7
29	41	14	8	5	7
29	38	13	9	5	7
30	47	16	7	5	7
30	44	15	8	5	7
38	1	1	30	5	7
38	12	4	27	5	7
39	18	6	26	5	7
39	15	5	27	5	7
40	24	8	25	5	7
40	21	7	26	5	7
48	4	2	39	5	7
48	27	9	32	5	7
49	33	11	31	5	7
49	30	10	32	5	7
50	39	13	30	5	7
50	36	12	31	5	7
67	7	3	57	5	7
67	42	14	46	5	7
68	48	16	45	5	7
68	45	15	46	5	7
69	54	18	44	5	7
69	51	17	45	5	7
77	10	4	66	5	7
87	13	5	75	5	7
97	16	6	84	5	7
107	19	7	93	5	7
126	22	8	111	5	7
136	25	9	120	5	7
146	28	10	129	5	7
156	31	11	138	5	7
166	34	12	147	5	7
185	37	13	165	5	7
195	40	14	174	5	7
205	43	15	183	5	7
215	46	16	192	5	7
225	49	17	201	5	7
244	52	18	219	5	7
254	55	19	228	5	7

-----------------------------------------------------------

-----------------------------------------------------------

Missions: 55	[N: 19, P: 18, D: 18] [52 DONE, 3 Aborted]
Rovers: 6	[N: 1, P: 0, D: 5]
Avg Wdays = 58.6154, Avg MDUR = 5, Avg Tdays = 7
% Avg_Wdays/ Avg_MDUR = 1172.31%, Auto-aborted= 1%
