Fday	ID	Rday	Wdays	MDUR	Tdays
3	1	1	0	1	2
3	3	1	0	1	2
3	2	1	0	1	2
106	7	3	101	1	2
106	4	2	102	1	2
106	6	2	102	1	2
209	13	5	202	1	2
209	10	4	203	1	2
209	9	3	204	1	2
312	19	7	303	1	2
312	16	6	304	1	2
312	12	4	306	1	2
415	25	9	404	1	2
415	22	8	405	1	2
415	15	5	408	1	2
518	31	11	505	1	2
518	28	10	506	1	2
518	18	6	510	1	2
621	37	13	606	1	2
621	34	12	607	1	2
621	21	7	612	1	2
724	43	15	707	1	2
724	40	14	708	1	2
724	24	8	714	1	2
827	49	17	808	1	2
827	46	16	809	1	2
827	27	9	816	1	2
930	55	19	909	1	2
930	52	18	910	1	2
930	30	10	918	1	2
1033	58	20	1011	1	2
1033	33	11	1020	1	2
1136	36	12	1122	1	2
1239	39	13	1224	1	2
1342	42	14	1326	1	2
1445	45	15	1428	1	2
1548	48	16	1530	1	2
1651	51	17	1632	1	2
1754	54	18	1734	1	2
1857	57	19	1836	1	2

-----------------------------------------------------------

-----------------------------------------------------------

Missions: 60	[N: 20, P: 21, D: 19] [40 DONE, 20 Aborted]
Rovers: 3	[N: 1, P: 1, D: 1]
Avg Wdays = 688.8, Avg MDUR = 1, Avg Tdays = 2
% Avg_Wdays/ Avg_MDUR = 68880%, Auto-aborted= 1%
