Fday	ID	Rday	Wdays	MDUR	Tdays
14	3	2	0	10	12
15	4	3	0	10	12
16	6	4	0	10	12
16	5	4	0	10	12
17	7	5	0	10	12
18	9	6	0	10	12
18	8	6	0	10	12
19	10	7	0	10	12
20	11	8	0	10	12
29	16	11	6	10	12
30	17	12	6	10	12
31	23	16	3	10	12
31	22	16	3	10	12
32	28	20	0	10	12
33	15	11	10	10	12
33	29	21	0	10	12
34	21	15	7	10	12
35	12	8	15	10	12
44	34	26	6	10	12
45	35	27	6	10	12
46	27	20	14	10	12
46	13	9	25	10	12
47	18	13	22	10	12
48	33	25	11	10	12
50	19	13	25	10	12
61	24	17	32	10	12
62	25	18	32	10	12
65	30	22	31	10	12
76	31	23	41	10	12
77	36	28	37	10	12
80	37	29	39	10	12

-----------------------------------------------------------

-----------------------------------------------------------

Missions: 37	[N: 13, P: 12, D: 12] [31 DONE, 6 Aborted]
Rovers: 9	[N: 3, P: 3, D: 3]
Avg Wdays = 11.9677, Avg MDUR = 10, Avg Tdays = 12
% Avg_Wdays/ Avg_MDUR = 119.677%, Auto-aborted= 0%
