Fday	ID	Rday	Wdays	MDUR	Tdays
811	1	1	0	10	810
812	2	2	0	10	810
813	3	3	0	10	810
1824	9	9	1605	10	210
2022	4	4	1608	10	410
2023	6	6	1607	10	410
2115	12	12	2013	10	90
2633	7	7	2416	10	210
2834	18	18	2406	10	410
2924	10	10	2824	10	90
3234	15	15	2409	10	810
3445	21	21	3214	10	210
4045	13	13	3222	10	810
4125	24	24	4011	10	90
4845	27	27	4008	10	810
5265	30	30	4825	10	410
5265	16	16	4839	10	410
5756	36	36	5630	10	90
5865	33	33	5622	10	210
5876	19	19	5647	10	210
6167	22	22	6055	10	90
6476	42	42	6024	10	410
6647	39	39	5798	10	810
7058	25	25	6223	10	810
7087	45	45	6832	10	210
7538	48	48	7400	10	90
8269	28	28	7831	10	410
8889	31	31	8648	10	210
9180	34	34	9056	10	90
10071	37	37	9224	10	810
11282	40	40	10832	10	410
11893	43	43	11640	10	210
12193	46	46	12057	10	90
13084	49	49	12225	10	810

-----------------------------------------------------------

-----------------------------------------------------------

Missions: 50	[N: 16, P: 17, D: 17] [34 DONE, 16 Aborted]
Rovers: 3	[N: 1, P: 1, D: 1]
Avg Wdays = 5227.97, Avg MDUR = 10, Avg Tdays = 405.294
% Avg_Wdays/ Avg_MDUR = 52279.7%, Auto-aborted= 1%
