Fday	ID	Rday	Wdays	MDUR	Tdays
7	1	1	0	5	6
12	5	1	0	8	11
12	4	1	0	8	11
21	10	3	0	12	18
21	9	3	0	12	18
22	15	5	4	10	13
31	6	1	0	20	30
35	19	6	10	14	19
38	23	8	8	16	22
55	34	12	16	18	27
57	49	18	24	12	15
58	30	10	18	20	30
61	60	23	22	12	16
72	41	15	27	22	30
78	56	21	21	24	36
89	2	1	82	5	6
90	3	1	82	5	7
95	71	28	37	20	30
103	8	2	93	6	8
111	87	36	33	28	42
128	11	3	88	25	37
129	14	4	122	2	3
129	13	4	122	2	3
132	18	6	120	4	6
143	16	5	115	15	23
151	21	8	133	8	10
152	22	8	133	8	11
154	25	9	143	1	2
154	28	9	143	1	2
161	38	13	143	3	5
170	26	9	159	1	2
177	32	11	159	5	7
184	20	7	133	30	44
197	29	10	160	20	27
206	33	11	144	35	51
208	35	12	187	7	9
227	36	13	210	3	4
237	40	14	209	10	14
239	42	15	208	12	16
249	48	17	196	25	36
257	43	15	184	40	58
278	65	25	251	1	2
282	44	16	260	4	6
284	47	17	259	6	8
293	54	20	203	50	70
294	59	23	253	12	18
300	50	18	272	8	10
317	51	19	295	2	3
322	52	19	300	2	3
334	58	22	306	4	6
334	57	21	307	4	6
341	74	30	284	18	27
350	62	24	314	9	12
359	69	27	287	30	45
364	80	32	296	24	36
377	63	25	350	1	2
381	68	27	350	3	4
395	84	34	331	20	30
397	66	26	349	16	22
401	89	36	341	16	24
412	77	31	375	4	6
413	73	29	377	5	7
413	72	29	377	5	7
433	82	33	397	2	3
433	81	33	397	2	3
443	86	35	400	6	8
443	85	35	400	6	8
445	78	32	398	12	15
459	88	36	413	8	10

-----------------------------------------------------------

-----------------------------------------------------------

Missions: 89	[N: 48, P: 24, D: 17] [69 DONE, 20 Aborted]
Rovers: 6	[N: 1, P: 2, D: 3]
Avg Wdays = 185.942, Avg MDUR = 11.7971, Avg Tdays = 16.8986
% Avg_Wdays/ Avg_MDUR = 1576.17%, Auto-aborted= 0.45%
